75.82934049501022900
86.06830042420728000
26.61824396496475100
19.23886837366863000
64.31165501876888900
12.99478133487960500
7.20542008728293750
77.93511764885403200
33.14615314188055400
32.86233100375377300
85.06118961149937300
82.18939786980803300
56.35242774742881300
7.08334604937894860
75.60960722678304100
36.74123355815302000
16.64479506820886800
46.73299356059450100
17.93267616809594900
57.40531632435072100
17.41996520889919600
39.13083285012360300
7.54112369151890590
35.23361919003875900
2.73751029999694810
50.39216284676656700
1.22074037903988760
84.50270088808862600
25.93462935270241200
82.07953123569444600
59.57213049714651700
77.55668813135166300
57.49687185277871000
10.07415997802667300
42.86629840998565300
19.75463118381298200
72.82631916257210500
83.83129367961669200
25.86443678090762100
67.52830591753898700
10.48310800500503600
14.05377361369670700
47.19077120273446000
42.75032807397686700
41.61503952146976800
27.02719199194311300
58.90682699056978300
46.52851954710531900
41.07486190374461900
13.64482558671834400
91.88818018127994900
25.51042207098605300
0.99185155796990876
51.29856257820367900
2.69173253578295220
93.88714255195776600
77.29728080080569400
26.73421430097354100
17.44132816553239700
64.14685506759849400
9.90020447401348850
38.03216650898770000
38.44416638691366500
89.77935117648854700
7.14133121738334340
3.78429517502365180
29.10245063631092300
72.99111911374248500
35.09933774834436800
57.64946440015869900
42.79915768913846100
40.60487685781426100
2.41096224860377810
56.35853144932401200
11.32847071749015700
41.24271370586260600
81.25247962889493200
79.35728019043550300
58.52839747306741500
66.90267647328104800
55.02792443617053700
48.12768944364757600
54.74410229804376400
52.11035493026520300
33.50321970274971800
43.41563158055360800
77.72453993346964300
53.70952482680746000
25.87969603564561900
48.38709677419355200
95.59312723166600300
64.44898831141087200
12.56141850032044400
95.91967528305917800
37.51029999694814900
63.47849971007416100
6.13422040467543540
48.08496353038117400
67.68089846491896800
56.89565721610156900
